A	B	C	D	E	F
Rndm123456789abcdef	Glob123456789abcdef	Love123456789abcdef	Pink123456789abcdef	Sunshine123456789abcdef	Happiness123456789abcdef
Crazy123456789abcdef	Adventure123456789abcdef	Mystery123456789abcdef	Thrilling123456789abcdef	Exciting123456789abcdef	Surprising123456789abcdef
Wonderful123456789abcdef	Incredible123456789abcdef	Fantastic123456789abcdef	Amazing123456789abcdef	Brilliant123456789abcdef	Superb123456789abcdef
Beautiful123456789abcdef	Marvelous123456789abcdef	Stunning123456789abcdef	Breathtaking123456789abcdef	Gorgeous123456789abcdef	Phenomenal123456789abcdef
Spectacular123456789abcdef	Unforgettable123456789abcdef	Remarkable123456789abcdef	Memorable123456789abcdef	Heartwarming123456789abcdef	Thoughtful123456789abcdef
Outstanding123456789abcdef	Impressive123456789abcdef	Inspiring123456789abcdef	Challenging123456789abcdef	Uplifting123456789abcdef	Groundbreaking123456789abcdef
Exceptional123456789abcdef	Flawless123456789abcdef	Outstanding123456789abcdef	Perfect123456789abcdef	Talented123456789abcdef	Genius123456789abcdef
Innovative123456789abcdef	Creative123456789abcdef	Original123456789abcdef	Unique123456789abcdef	Brilliance123456789abcdef	Insightful123456789abcdef
Visionary123456789abcdef	Inspirational123456789abcdef	Transformative123456789abcdef	Revolutionary123456789abcdef	Enlightening123456789abcdef	Illuminating123456789abcdef
Profound123456789abcdef	Life-changing123456789abcdef	Mind-blowing123456789abcdef	Spiritual123456789abcdef	Inspiring123456789abcdef	Eye-opening123456789abcdef
